val_loss: 0.5249379908254896
val_accuracy: 0.9699663623258049
